445 295 106 535 567 
389 52 281 297 536 
455 633 681 545 668 
230 105 731 600 575 
143 560 126 82 341 
188 381 758 351 343 
286 680 442 565 613 
626 263 532 368 49 
597 353 730 589 486 
304 329 359 634 139 
483 304 746 21 491 
209 23 730 241 547 
377 120 215 754 72 
549 560 4 341 143 
6 313 264 672 437 
693 61 763 772 589 
453 232 412 310 606 
19 570 160 608 328 
535 445 0 637 158 
467 160 660 339 597 
304 257 602 752 123 
30 483 491 10 752 
186 457 250 201 163 
11 209 683 565 597 
115 736 348 577 714 
205 141 57 374 450 
437 103 275 203 4 
660 589 129 190 559 
57 205 374 466 536 
273 266 241 342 683 
752 304 483 21 280 
534 484 573 764 431 
637 660 532 541 732 
693 711 560 767 213 
315 645 701 151 547 
165 207 486 444 333 
575 421 600 588 644 
82 18 535 104 489 
516 204 315 758 151 
376 77 146 573 404 
322 319 189 194 76 
764 366 77 666 129 
657 235 215 164 667 
459 256 358 243 502 
254 660 6 82 341 
587 492 597 589 588 
101 68 256 243 208 
346 304 123 257 752 
112 179 496 572 231 
172 368 595 177 626 
4 143 37 559 547 
615 317 232 520 304 
1 697 297 281 536 
454 161 691 61 87 
314 66 228 558 354 
678 394 393 199 717 
411 136 27 767 87 
747 25 28 739 439 
182 109 179 245 153 
295 106 328 78 4 
595 245 739 156 532 
125 180 518 513 371 
454 637 348 215 739 
403 677 661 87 404 
484 11 547 82 187 
739 160 242 495 119 
228 314 354 54 534 
281 91 519 466 163 
46 101 256 774 243 
205 530 198 102 706 
239 139 609 431 617 
547 61 341 82 78 
279 558 384 496 704 
215 210 704 425 572 
180 61 572 754 518 
149 59 608 572 639 
194 322 319 189 40 
376 693 666 404 589 
700 275 203 565 560 
211 598 693 103 708 
340 553 437 103 708 
198 661 460 607 376 
4 143 732 547 597 
90 202 188 294 653 
629 736 398 577 196 
536 697 1 297 531 
333 486 161 353 539 
196 161 726 589 666 
486 730 165 35 353 
156 82 104 4 143 
202 343 335 83 225 
67 281 762 665 174 
96 332 329 413 634 
372 7 532 528 547 
422 60 17 530 164 
304 688 768 215 354 
92 684 425 329 248 
492 442 588 477 192 
698 82 454 187 64 
182 653 109 60 156 
449 573 517 547 559 
46 256 68 208 269 
205 706 179 238 657 
126 437 608 708 222 
82 341 543 4 143 
492 442 286 588 587 
295 0 59 540 445 
771 465 5 131 629 
369 460 404 670 87 
543 341 61 58 215 
615 432 558 279 550 
632 543 568 268 704 
48 179 724 162 496 
572 182 78 570 250 
422 521 248 704 562 
24 736 60 94 182 
255 640 713 517 264 
21 625 314 759 230 
678 87 196 593 735 
205 374 552 174 402 
377 12 437 608 754 
648 80 340 553 437 
184 25 450 185 229 
346 304 318 752 301 
215 780 500 210 534 
61 518 180 513 82 
4 143 608 222 219 
644 230 565 588 711 
316 714 161 220 343 
190 325 87 693 161 
77 376 323 693 333 
353 357 8 462 486 
193 545 178 448 473 
588 600 613 492 286 
704 281 657 164 231 
386 665 633 455 499 
4 82 282 143 608 
77 376 675 264 590 
711 613 492 286 442 
9 768 261 329 304 
184 628 311 122 450 
450 205 25 374 281 
694 670 325 583 308 
4 82 560 341 126 
579 594 258 739 170 
637 439 18 599 456 
343 241 202 335 342 
432 192 746 605 576 
159 383 81 558 257 
75 36 645 739 632 
626 7 177 368 719 
315 34 701 527 516 
565 507 78 560 769 
516 60 58 308 484 
82 125 282 589 597 
572 531 519 297 632 
89 60 125 182 739 
675 116 137 264 440 
445 0 18 37 82 
588 133 241 731 513 
242 339 429 104 82 
220 343 241 342 335 
723 112 602 304 563 
402 579 281 374 560 
261 657 361 304 210 
35 207 486 444 333 
119 141 281 374 450 
486 241 677 645 730 
216 536 760 628 52 
422 633 768 69 334 
483 631 576 605 722 
298 406 589 409 366 
49 368 595 177 626 
681 633 386 668 641 
265 205 281 374 119 
82 560 547 700 565 
371 278 61 518 125 
368 172 49 626 719 
671 641 681 665 132 
48 489 112 656 89 
61 513 125 367 518 
19 767 498 306 89 
708 598 572 754 58 
248 657 534 232 739 
311 122 140 760 628 
57 122 28 713 439 
22 368 263 7 50 
597 351 343 353 298 
387 187 353 294 351 
322 319 40 194 76 
693 129 686 366 547 
261 581 329 317 768 
588 492 105 613 286 
444 448 612 624 356 
76 322 319 189 40 
551 547 589 41 381 
87 589 730 486 247 
631 505 408 21 731 
81 460 563 538 162 
55 517 449 312 486 
439 61 374 341 492 
226 730 597 580 486 
90 343 335 146 241 
275 560 222 219 680 
410 38 513 61 573 
25 141 119 174 374 
361 270 636 425 688 
35 165 300 343 342 
243 256 46 774 269 
11 23 325 308 726 
215 73 657 124 164 
79 598 693 103 708 
171 274 223 366 266 
560 4 143 326 549 
129 767 559 597 588 
657 210 73 739 60 
760 168 628 531 738 
143 547 82 286 565 
728 529 367 164 268 
222 275 203 126 560 
241 343 161 342 146 
565 680 625 759 560 
219 275 203 126 560 
366 212 266 274 691 
483 197 631 505 605 
343 241 335 378 146 
253 201 597 580 522 
230 6 105 492 588 
66 314 354 534 484 
536 57 552 374 739 
644 421 588 3 600 
754 48 550 281 704 
476 780 248 16 367 
358 243 603 269 502 
439 512 461 374 739 
500 737 42 617 418 
356 414 612 444 624 
540 0 452 445 18 
454 687 730 583 777 
70 139 609 431 617 
589 298 366 77 693 
343 335 342 220 378 
160 339 434 82 543 
208 233 256 269 774 
302 382 469 563 109 
60 61 125 512 89 
630 77 376 404 582 
560 4 143 326 680 
657 562 617 114 521 
146 273 342 335 343 
263 419 172 595 49 
276 717 589 677 726 
413 602 304 318 346 
226 560 691 597 341 
44 660 125 6 488 
420 116 590 279 137 
101 358 243 46 208 
304 752 318 346 301 
739 443 536 57 1 
633 300 668 641 564 
769 390 362 401 45 
191 329 317 634 139 
532 308 60 685 197 
595 368 49 172 7 
547 6 137 560 125 
174 281 141 163 402 
223 212 406 409 303 
780 78 565 572 573 
637 599 389 657 18 
233 243 603 358 502 
685 99 695 424 232 
418 244 301 382 422 
345 638 140 205 119 
342 335 241 343 220 
435 212 226 366 353 
203 560 222 219 680 
251 717 630 582 462 
652 707 81 310 530 
176 371 367 563 94 
72 707 255 125 110 
304 30 483 318 752 
1 519 174 304 52 
588 565 341 82 711 
158 18 639 573 33 
535 639 0 306 269 
553 18 59 80 340 
588 492 613 587 442 
124 381 543 691 226 
357 597 589 472 8 
573 559 449 578 517 
194 76 40 189 322 
129 190 767 536 87 
516 496 396 38 527 
567 540 452 0 295 
387 188 342 689 335 
106 0 59 540 445 
0 535 452 295 106 
471 1 536 568 739 
171 597 589 240 366 
720 529 733 519 414 
499 633 641 455 386 
304 123 257 752 346 
244 382 329 109 684 
406 409 749 171 212 
346 257 301 318 602 
445 0 306 535 639 
445 535 305 18 0 
768 737 581 95 617 
325 685 209 726 262 
623 769 565 0 82 
768 422 279 617 550 
184 374 122 229 119 
226 486 639 353 580 
560 222 219 437 4 
54 228 66 354 484 
151 34 597 701 589 
128 714 161 220 343 
412 634 261 329 370 
304 346 123 483 257 
322 189 40 194 76 
256 46 243 358 101 
275 203 213 222 219 
319 189 40 194 76 
77 130 333 376 266 
486 573 730 353 187 
726 645 426 730 639 
560 4 143 549 13 
639 158 221 579 680 
663 59 560 222 219 
361 581 634 261 9 
564 373 641 386 681 
171 409 406 353 303 
177 368 49 172 92 
86 486 323 165 35 
226 522 670 60 398 
342 378 241 343 273 
420 732 547 470 441 
275 203 556 560 608 
395 639 644 546 11 
160 428 104 82 434 
80 553 437 103 708 
547 560 4 549 13 
273 335 241 343 220 
241 146 342 335 220 
702 462 547 597 686 
272 638 738 383 585 
304 123 47 318 602 
572 642 582 142 632 
264 454 201 125 440 
680 547 286 711 6 
717 645 93 372 565 
187 343 758 241 378 
440 561 137 376 130 
486 730 226 253 187 
228 66 314 768 500 
125 281 518 61 154 
236 665 641 455 499 
288 486 589 730 8 
233 256 243 269 603 
9 634 669 768 412 
82 693 351 486 187 
329 634 581 609 261 
769 535 565 0 18 
376 591 404 77 607 
778 378 702 462 730 
563 110 81 277 198 
223 589 171 240 298 
180 61 513 770 278 
49 172 177 595 263 
404 403 108 538 460 
634 617 317 9 609 
176 61 125 518 573 
399 717 93 526 587 
455 641 499 300 511 
402 119 205 519 174 
442 492 133 600 286 
77 666 404 693 130 
120 12 437 608 754 
335 241 343 146 342 
520 353 104 770 512 
356 681 633 665 386 
573 410 758 187 342 
302 244 179 58 418 
525 1 182 258 628 
72 701 60 590 279 
670 142 498 209 11 
681 665 499 668 641 
294 188 353 378 187 
281 746 552 432 232 
1 536 697 374 297 
192 82 547 769 645 
731 505 605 575 421 
245 279 255 420 156 
394 582 678 735 55 
393 678 735 582 55 
630 573 695 424 613 
693 341 451 125 60 
77 470 420 255 376 
201 486 241 777 161 
372 717 660 620 381 
503 550 654 512 256 
260 717 11 78 426 
374 163 205 119 519 
404 538 87 369 376 
77 376 538 369 573 
304 257 704 602 318 
303 409 749 171 266 
432 349 38 286 105 
36 197 575 391 588 
303 406 171 749 266 
560 381 61 341 608 
713 613 767 275 203 
317 9 634 304 359 
252 318 304 346 123 
612 236 448 444 356 
593 333 212 714 422 
597 560 547 225 326 
272 548 422 765 727 
215 500 235 657 164 
172 49 263 250 595 
470 441 449 61 255 
600 575 505 36 588 
768 585 617 114 606 
495 503 656 772 589 
695 683 691 11 486 
464 438 765 684 469 
325 645 685 687 639 
755 474 707 652 550 
339 82 104 13 549 
82 160 4 37 543 
162 205 460 252 723 
31 574 238 764 235 
605 731 147 746 615 
561 604 699 494 352 
82 597 339 125 37 
274 275 203 608 560 
768 9 422 94 585 
103 4 126 608 26 
743 765 684 425 464 
57 234 739 200 374 
352 454 675 348 161 
449 420 547 528 470 
613 492 711 600 286 
258 572 57 739 754 
448 356 612 633 236 
0 452 295 106 635 
633 499 564 641 236 
712 199 110 41 679 
444 2 665 633 414 
517 77 470 441 589 
141 25 122 205 166 
326 547 560 143 138 
567 0 445 540 293 
342 572 531 57 16 
547 226 238 82 53 
2 633 641 681 514 
635 519 520 573 733 
520 22 456 632 699 
391 432 731 3 95 
523 502 733 603 507 
607 538 323 198 661 
605 644 505 722 421 
702 547 486 597 589 
407 575 546 349 372 
425 438 765 684 469 
163 594 348 281 342 
585 482 524 739 258 
541 610 721 660 19 
534 573 780 764 456 
438 684 464 425 765 
449 420 441 732 559 
568 297 552 739 536 
288 8 357 547 462 
497 236 455 586 633 
755 427 707 652 110 
691 226 253 627 274 
232 550 422 685 114 
649 97 588 711 613 
614 343 691 133 11 
143 560 4 213 82 
356 641 386 665 681 
664 593 619 294 333 
524 466 739 552 568 
10 746 491 30 318 
64 31 11 565 187 
505 181 421 17 57 
730 333 589 353 86 
542 739 658 754 572 
44 4 143 82 560 
578 341 82 569 560 
578 489 82 341 543 
546 746 483 21 10 
613 442 286 600 711 
704 737 329 456 634 
358 523 774 243 256 
423 503 656 772 589 
48 516 520 179 527 
473 236 455 586 448 
506 767 181 712 385 
386 633 665 681 641 
235 215 418 425 737 
114 584 364 572 149 
603 523 459 507 233 
423 495 654 656 400 
737 235 768 581 164 
391 421 731 575 197 
767 498 390 454 192 
502 603 646 459 269 
560 608 126 775 4 
391 458 412 36 731 
543 37 339 657 490 
499 455 633 665 373 
520 61 543 657 400 
180 125 61 518 606 
455 633 641 499 356 
21 161 367 519 456 
292 38 599 496 637 
449 77 470 693 420 
61 125 180 513 660 
281 374 456 632 739 
615 512 456 660 457 
634 114 248 688 370 
226 253 353 475 201 
459 646 502 742 358 
482 739 466 572 519 
383 628 762 140 185 
372 399 651 573 227 
151 89 82 315 496 
645 740 441 82 597 
564 641 612 668 665 
69 48 736 590 102 
739 697 155 57 297 
7 60 626 368 719 
181 607 129 453 258 
573 692 468 780 764 
0 18 452 445 37 
85 297 1 697 229 
751 21 453 746 363 
404 403 460 573 325 
486 353 226 288 333 
293 567 0 295 106 
467 721 660 610 656 
104 341 82 597 691 
104 341 657 82 489 
722 318 327 290 3 
2 681 633 448 455 
759 491 625 588 492 
341 560 82 143 4 
386 448 681 633 641 
13 560 4 341 143 
400 724 602 318 503 
420 542 263 410 626 
119 739 374 229 471 
340 80 437 103 285 
416 693 126 608 559 
754 443 572 231 57 
126 608 560 143 4 
730 486 589 353 587 
72 110 279 595 688 
547 286 341 6 680 
549 13 4 275 203 
433 352 705 604 375 
248 114 570 456 520 
550 198 602 585 162 
668 641 665 386 499 
680 560 492 600 6 
264 6 572 341 639 
293 452 0 540 295 
471 297 536 632 739 
578 489 543 37 512 
82 233 104 754 113 
164 534 780 609 361 
754 297 443 269 594 
534 764 468 692 780 
431 619 593 266 770 
600 442 421 710 36 
505 605 391 731 644 
736 60 440 186 15 
489 569 341 4 143 
594 560 341 547 4 
226 201 486 475 312 
329 634 768 361 9 
678 393 735 394 276 
730 670 694 238 748 
71 78 542 551 702 
466 738 739 422 9 
497 473 259 720 486 
286 680 492 600 442 
286 492 613 442 600 
597 772 423 77 656 
137 61 180 255 125 
640 517 363 449 420 
636 713 519 281 443 
486 353 730 201 165 
579 341 547 560 454 
690 368 49 263 172 
281 466 301 585 519 
589 645 82 686 298 
708 560 103 622 437 
637 617 516 768 268 
492 442 286 588 613 
616 137 19 467 512 
304 252 346 725 123 
646 233 502 507 243 
561 19 26 572 433 
432 391 461 575 722 
513 422 180 585 533 
376 77 460 130 404 
560 126 222 219 775 
634 361 329 370 261 
721 467 541 304 318 
0 540 567 452 293 
414 356 444 236 448 
492 442 711 286 588 
478 353 161 241 343 
520 304 318 723 432 
601 367 54 329 289 
768 637 329 599 422 
341 4 559 82 637 
664 481 294 593 574 
372 93 399 488 341 
317 367 189 322 319 
708 103 598 560 437 
309 643 284 452 769 
236 612 448 356 193 
759 546 600 711 492 
7 368 172 49 719 
691 597 475 353 730 
760 738 216 383 585 
196 486 539 472 357 
276 589 395 717 246 
197 483 391 731 21 
519 374 572 281 552 
455 499 665 681 641 
329 361 609 317 261 
445 456 452 0 18 
592 163 439 229 374 
18 768 82 617 145 
345 446 258 272 311 
545 613 691 325 720 
591 116 255 440 658 
455 633 668 386 564 
470 289 559 547 100 
535 306 18 445 639 
230 600 575 565 36 
766 597 686 730 325 
603 523 507 502 459 
777 486 726 238 335 
121 775 143 608 556 
477 192 492 546 597 
573 6 534 764 103 
559 589 735 597 740 
474 755 427 707 110 
99 381 83 573 15 
503 400 182 61 550 
342 161 593 241 335 
423 495 503 772 589 
739 543 215 282 512 
441 528 420 702 137 
376 323 130 266 240 
541 467 44 518 6 
607 439 61 660 647 
657 215 688 235 551 
328 560 437 126 275 
481 593 619 294 333 
681 386 633 455 499 
77 589 376 730 693 
215 521 657 42 456 
564 681 386 641 455 
359 9 634 521 768 
694 583 142 687 238 
641 681 386 178 455 
275 203 222 219 560 
717 372 674 565 598 
573 449 60 470 7 
137 77 161 440 376 
631 746 230 391 536 
726 486 167 666 589 
735 693 394 582 55 
454 693 632 192 77 
613 560 587 349 565 
665 386 455 668 633 
362 769 237 284 296 
424 695 691 23 11 
743 438 765 464 469 
308 426 262 325 312 
645 597 589 766 693 
238 426 670 583 748 
425 521 95 329 657 
161 342 353 241 381 
595 368 49 172 263 
253 680 627 475 560 
534 573 780 714 83 
77 190 547 589 587 
670 583 142 730 266 
424 683 691 11 241 
181 438 498 464 645 
52 536 1 85 531 
98 11 82 451 573 
719 626 578 269 489 
78 4 341 547 560 
34 151 315 384 516 
462 547 344 666 589 
744 228 584 363 66 
543 304 257 231 405 
770 561 367 633 574 
205 233 102 507 358 
427 474 755 652 279 
598 622 103 560 608 
42 412 164 304 780 
600 442 492 613 575 
492 613 442 680 138 
498 447 767 515 506 
411 758 137 241 440 
128 316 238 333 167 
245 724 110 54 725 
637 82 61 454 439 
372 735 251 589 587 
9 322 319 189 40 
368 626 177 172 49 
639 612 299 325 586 
541 610 467 660 637 
605 461 391 421 644 
615 304 602 162 520 
550 602 725 304 179 
602 318 304 413 610 
325 677 730 87 666 
235 739 564 258 500 
634 359 425 9 329 
780 779 778 777 776 
486 645 589 726 778 
391 505 575 600 421 
82 143 4 597 341 
459 502 523 269 233 
295 106 445 0 18 
678 597 589 717 394 
60 577 706 371 516 
235 768 504 684 500 
585 628 216 760 122 
258 657 524 552 374 
528 559 470 6 341 
5 653 357 15 335 
774 256 523 243 502 
684 765 438 425 464 
703 690 517 595 449 
172 49 368 263 719 
483 491 752 30 10 
57 25 229 754 739 
730 726 666 645 77 
303 406 409 353 171 
522 685 250 249 204 
537 398 372 251 276 
30 304 257 746 123 
608 560 126 437 663 
572 61 231 57 603 
427 474 707 652 550 
754 657 560 82 143 
452 0 540 445 293 
241 351 378 343 335 
625 546 600 588 492 
628 216 738 184 168 
455 499 641 633 665 
519 141 383 25 91 
15 98 534 454 61 
573 534 780 693 468 
743 438 464 684 425 
645 686 597 589 201 
506 588 613 411 82 
617 422 637 581 329 
362 597 565 82 708 
705 361 367 266 379 
5 653 131 758 335 
495 589 423 656 503 
470 528 449 517 6 
742 243 256 233 358 
143 4 608 560 126 
4 143 560 556 341 
647 230 238 454 161 
364 730 726 325 353 
142 16 308 232 692 
534 468 573 764 692 
